No.4795/2,5,28,36,38,45
No.1331/5,8,11,26,28,45
No.4213/1,14,23,26,27,29
No.0806/9,18,27,36,37,45
No.1144/5,13,16,32,41,45
No.9017/7,27,30,35,38,44
No.0010/13,22,31,34,39,45
No.0002/1,17,23,33,41,44
No.0007/0,11,21,22,26,39
No.0009/1,23,24,34,36,43
No.0001/0,4,17,31,34,37
No.4908/6,7,12,31,35,36
No.2626/10,3,18,26,14,22
No.3896/44,36,25,21,20,19
No.9596/3,7,10,12,37,41
No.0590/1,5,14,23,29,35
No.6666/3,10,15,22,26,43
No.7970/3,17,23,24,30,42
No.5325/9,15,21,24,25,45
No.9971/3,7,10,14,18,29
No.4628/1,2,23,31,32,41
No.3862/6,15,16,39,43,45
